% Intrinsic and Extrinsic Camera Parameters
%
% This script file can be directly excecuted under Matlab to recover the camera intrinsic and extrinsic parameters.
% IMPORTANT: This file contains neither the structure of the calibration objects nor the image coordinates of the calibration points.
%            All those complementary variables are saved in the complete matlab data file Calib_Results.mat.
% For more information regarding the calibration model visit http://www.vision.caltech.edu/bouguetj/calib_doc/


%-- Focal length:
fc = [ 847.415839346670737 ; 852.198213344449414 ];

%-- Principal point:
cc = [ 521.010189978266567 ; 392.655562898536402 ];

%-- Skew coefficient:
alpha_c = 0.000000000000000;

%-- Distortion coefficients:
kc = [ -0.347769019069107 ; 0.156741649113266 ; -0.004222553690303 ; -0.001056179498801 ; 0.000000000000000 ];

%-- Focal length uncertainty:
fc_error = [ 2.903782986662003 ; 2.048366101020513 ];

%-- Principal point uncertainty:
cc_error = [ 3.469846979611003 ; 5.448129867240571 ];

%-- Skew coefficient uncertainty:
alpha_c_error = 0.000000000000000;

%-- Distortion coefficients uncertainty:
kc_error = [ 0.005510398789564 ; 0.010149519087959 ; 0.001746300573099 ; 0.000717476446062 ; 0.000000000000000 ];

%-- Image size:
nx = 1024;
ny = 768;


%-- Various other variables (may be ignored if you do not use the Matlab Calibration Toolbox):
%-- Those variables are used to control which intrinsic parameters should be optimized

n_ima = 25;						% Number of calibration images
est_fc = [ 1 ; 1 ];					% Estimation indicator of the two focal variables
est_aspect_ratio = 1;				% Estimation indicator of the aspect ratio fc(2)/fc(1)
center_optim = 1;					% Estimation indicator of the principal point
est_alpha = 0;						% Estimation indicator of the skew coefficient
est_dist = [ 1 ; 1 ; 1 ; 1 ; 0 ];	% Estimation indicator of the distortion coefficients


%-- Extrinsic parameters:
%-- The rotation (omc_kk) and the translation (Tc_kk) vectors for every calibration image and their uncertainties

%-- Image #1:
omc_1 = [ 1.467116e+00 ; 2.543003e+00 ; -9.985774e-01 ];
Tc_1  = [ -1.668650e+02 ; -1.890546e+02 ; 8.640479e+02 ];
omc_error_1 = [ 1.385908e-03 ; 4.880080e-03 ; 6.862975e-03 ];
Tc_error_1  = [ 3.570928e+00 ; 5.228472e+00 ; 2.950992e+00 ];

%-- Image #2:
omc_2 = [ 1.835379e+00 ; 1.764411e+00 ; -6.337668e-01 ];
Tc_2  = [ -2.411745e+02 ; -1.617142e+02 ; 7.233924e+02 ];
omc_error_2 = [ 2.733771e-03 ; 4.280371e-03 ; 5.226948e-03 ];
Tc_error_2  = [ 3.000589e+00 ; 4.339265e+00 ; 2.728513e+00 ];

%-- Image #3:
omc_3 = [ 1.955245e+00 ; 1.897357e+00 ; -4.694115e-01 ];
Tc_3  = [ -2.446513e+02 ; -1.987452e+02 ; 6.569783e+02 ];
omc_error_3 = [ 2.154088e-03 ; 4.001278e-03 ; 5.368921e-03 ];
Tc_error_3  = [ 2.758422e+00 ; 3.851514e+00 ; 2.527146e+00 ];

%-- Image #4:
omc_4 = [ 2.046310e+00 ; 1.993070e+00 ; -3.261831e-01 ];
Tc_4  = [ -2.400415e+02 ; -2.218219e+02 ; 6.027065e+02 ];
omc_error_4 = [ 1.999568e-03 ; 3.949124e-03 ; 5.784421e-03 ];
Tc_error_4  = [ 2.562073e+00 ; 3.483066e+00 ; 2.295408e+00 ];

%-- Image #5:
omc_5 = [ 2.061095e+00 ; 2.009716e+00 ; -2.965986e-01 ];
Tc_5  = [ -2.352605e+02 ; -1.464478e+02 ; 5.760145e+02 ];
omc_error_5 = [ 2.073191e-03 ; 3.641240e-03 ; 5.487944e-03 ];
Tc_error_5  = [ 2.392124e+00 ; 3.462124e+00 ; 2.173650e+00 ];

%-- Image #6:
omc_6 = [ 2.102080e+00 ; 1.388259e+00 ; -8.451137e-02 ];
Tc_6  = [ -2.614918e+02 ; -7.339422e+01 ; 6.838520e+02 ];
omc_error_6 = [ 4.151233e-03 ; 3.093074e-03 ; 4.929795e-03 ];
Tc_error_6  = [ 2.817991e+00 ; 4.288754e+00 ; 2.407401e+00 ];

%-- Image #7:
omc_7 = [ 2.128496e+00 ; 1.050075e+00 ; 1.423334e-01 ];
Tc_7  = [ -2.963486e+02 ; -5.297180e+01 ; 6.472458e+02 ];
omc_error_7 = [ 5.195340e-03 ; 2.787208e-03 ; 4.632710e-03 ];
Tc_error_7  = [ 2.685181e+00 ; 4.117421e+00 ; 2.270375e+00 ];

%-- Image #8:
omc_8 = [ 2.125399e+00 ; 1.113607e+00 ; 1.020578e-01 ];
Tc_8  = [ -2.104273e+02 ; -3.126949e+01 ; 6.088459e+02 ];
omc_error_8 = [ 5.056464e-03 ; 2.574535e-03 ; 4.782585e-03 ];
Tc_error_8  = [ 2.510552e+00 ; 3.870291e+00 ; 2.028220e+00 ];

%-- Image #9:
omc_9 = [ 1.686048e+00 ; 2.314654e+00 ; -7.929762e-01 ];
Tc_9  = [ -2.170312e+02 ; -1.750823e+02 ; 8.502625e+02 ];
omc_error_9 = [ 1.353061e-03 ; 4.458415e-03 ; 6.244221e-03 ];
Tc_error_9  = [ 3.510333e+00 ; 5.150779e+00 ; 3.032965e+00 ];

%-- Image #10:
omc_10 = [ 1.367576e+00 ; 2.457452e+00 ; -1.049998e+00 ];
Tc_10  = [ -1.578134e+02 ; -1.873993e+02 ; 9.392346e+02 ];
omc_error_10 = [ 1.501556e-03 ; 5.026202e-03 ; 6.564697e-03 ];
Tc_error_10  = [ 3.877477e+00 ; 5.676027e+00 ; 3.272750e+00 ];

%-- Image #11:
omc_11 = [ 1.646481e+00 ; 2.159386e+00 ; -7.800184e-01 ];
Tc_11  = [ -2.731682e+02 ; -1.572393e+02 ; 8.756513e+02 ];
omc_error_11 = [ 1.648371e-03 ; 4.559876e-03 ; 5.730864e-03 ];
Tc_error_11  = [ 3.606271e+00 ; 5.328974e+00 ; 3.293061e+00 ];

%-- Image #12:
omc_12 = [ 2.002443e+00 ; 1.448580e+00 ; -2.274497e-01 ];
Tc_12  = [ -1.315473e+02 ; -1.441908e+02 ; 8.647229e+02 ];
omc_error_12 = [ 4.174931e-03 ; 3.388302e-03 ; 5.097402e-03 ];
Tc_error_12  = [ 3.560791e+00 ; 5.275603e+00 ; 2.961195e+00 ];

%-- Image #13:
omc_13 = [ 2.020209e+00 ; 1.386363e+00 ; -1.846938e-01 ];
Tc_13  = [ -1.089497e+02 ; -8.518667e+01 ; 7.658186e+02 ];
omc_error_13 = [ 4.350933e-03 ; 3.088458e-03 ; 5.088647e-03 ];
Tc_error_13  = [ 3.141019e+00 ; 4.741643e+00 ; 2.598449e+00 ];

%-- Image #14:
omc_14 = [ 1.842140e+00 ; 1.109452e+00 ; -5.733502e-01 ];
Tc_14  = [ -1.384583e+02 ; 2.921778e+01 ; 8.712955e+02 ];
omc_error_14 = [ 4.548192e-03 ; 3.702244e-03 ; 4.556067e-03 ];
Tc_error_14  = [ 3.575153e+00 ; 5.637284e+00 ; 3.020452e+00 ];

%-- Image #15:
omc_15 = [ 1.280173e+00 ; 1.910230e+00 ; -1.047082e+00 ];
Tc_15  = [ -1.931346e+02 ; -3.914711e+01 ; 9.861606e+02 ];
omc_error_15 = [ 3.119922e-03 ; 5.159525e-03 ; 5.362481e-03 ];
Tc_error_15  = [ 4.031901e+00 ; 6.242704e+00 ; 3.337164e+00 ];

%-- Image #16:
omc_16 = [ 1.010264e+00 ; 2.139018e+00 ; -1.163373e+00 ];
Tc_16  = [ -1.396476e+02 ; -4.737023e+01 ; 9.910694e+02 ];
omc_error_16 = [ 2.783064e-03 ; 5.373536e-03 ; 5.666090e-03 ];
Tc_error_16  = [ 4.051295e+00 ; 6.249019e+00 ; 3.288856e+00 ];

%-- Image #17:
omc_17 = [ 2.097748e+00 ; 1.191145e-01 ; -2.249494e-02 ];
Tc_17  = [ -1.987222e+02 ; 1.239392e+02 ; 5.383386e+02 ];
omc_error_17 = [ 5.095748e-03 ; 2.360754e-03 ; 4.185414e-03 ];
Tc_error_17  = [ 2.249082e+00 ; 3.750828e+00 ; 2.086410e+00 ];

%-- Image #18:
omc_18 = [ 1.969642e+00 ; 8.527564e-02 ; 1.751322e-02 ];
Tc_18  = [ -1.914835e+02 ; 3.683904e+01 ; 4.574781e+02 ];
omc_error_18 = [ 5.554290e-03 ; 2.748660e-03 ; 3.983336e-03 ];
Tc_error_18  = [ 1.880956e+00 ; 3.034729e+00 ; 1.855569e+00 ];

%-- Image #19:
omc_19 = [ 1.977850e+00 ; 1.733420e-01 ; 2.278076e-01 ];
Tc_19  = [ -1.913869e+02 ; -2.993634e+01 ; 4.252878e+02 ];
omc_error_19 = [ 5.778987e-03 ; 2.942615e-03 ; 3.961590e-03 ];
Tc_error_19  = [ 1.746830e+00 ; 2.688254e+00 ; 1.720486e+00 ];

%-- Image #20:
omc_20 = [ 1.953362e+00 ; 6.311167e-02 ; 2.246237e-01 ];
Tc_20  = [ -2.596637e+02 ; 1.416607e+02 ; 4.794847e+02 ];
omc_error_20 = [ 5.507870e-03 ; 2.626856e-03 ; 3.846028e-03 ];
Tc_error_20  = [ 2.042540e+00 ; 3.425828e+00 ; 2.160581e+00 ];

%-- Image #21:
omc_21 = [ 1.924429e+00 ; 1.632464e-01 ; 3.868828e-01 ];
Tc_21  = [ -2.411715e+02 ; 8.866918e+01 ; 4.582821e+02 ];
omc_error_21 = [ 5.754299e-03 ; 2.805008e-03 ; 3.840434e-03 ];
Tc_error_21  = [ 1.941845e+00 ; 3.146895e+00 ; 1.911978e+00 ];

%-- Image #22:
omc_22 = [ 2.283190e+00 ; 3.330913e-01 ; -2.646872e-01 ];
Tc_22  = [ -3.160079e+02 ; -3.305855e+01 ; 6.772966e+02 ];
omc_error_22 = [ 4.579384e-03 ; 2.887034e-03 ; 4.786780e-03 ];
Tc_error_22  = [ 2.772843e+00 ; 4.327502e+00 ; 2.699133e+00 ];

%-- Image #23:
omc_23 = [ 2.245083e+00 ; 8.018393e-04 ; 4.355706e-02 ];
Tc_23  = [ -2.169896e+02 ; 6.243999e+01 ; 5.482129e+02 ];
omc_error_23 = [ 4.861953e-03 ; 2.318367e-03 ; 4.556319e-03 ];
Tc_error_23  = [ 2.251841e+00 ; 3.674759e+00 ; 2.132929e+00 ];

%-- Image #24:
