wheel_dist = 0.26;
wheel_radius = 0.1;
A = [-0.0114863 -0.00495236; -0.00495236 -0.0114863];
B = [15.2137 6.55941; 6.55941 15.2137];
C = eye(2);
D = zeros(2);

x0 = 50;
y0 = 0;
theta0 = 0;
N = 1/15;

P = eig(A)
K = place(A, B, P)

l = place(A', C', P + 3*real(P))'
